2 11 1
7 0 1
9 0 1
0 8 11 1
1 8 11 1
5 8 11 1
6 11 8 11 1
6 3 8 11 1
8 11 8 11 1
8 3 8 11 1
9 3 8 11 1
3 0 3 8 11 8 11 1
7 8 11 8 11 8 11 1
7 7 3 8 11 8 11 1
2 3 8 11 8 11 8 11 8 11 1
3 11 8 11 8 11 8 11 8 11 1
3 3 8 11 8 11 8 11 8 11 1
0 5 6
0 11 6
1 11 6
2 5 6
4 5 4
7 11 6
8 5 6
9 5 4
9 11 6
0 7 5 6
3 8 11 6
4 8 11 6
5 7 5 6
6 7 5 6
8 8 11 6
9 8 11 6
4 11 8 11 6
4 3 8 11 6
5 11 8 11 6
5 3 8 11 6
7 3 8 11 6
1 0 3 8 11 6
6 8 11 8 11 6
6 0 3 8 11 6
2 8 11 8 11 8 11 6
2 0 3 8 11 8 11 6
2 7 3 8 11 8 11 6
0 2 9
0 3 10
1 2 9
2 2 9
3 2 9
4 2 9
5 2 9
6 2 9
7 2 9
8 2 9
9 2 9
0 0 2 9
1 5 2 9
3 5 2 9
4 0 2 9
4 7 2 9
5 0 2 9
5 5 2 9
6 5 2 9
7 5 2 9
8 0 2 9
8 7 3 10
9 7 3 10
1 7 5 2 9
3 7 5 2 9
1 3 8 11 8 11 8 11 8 11 8 11
